1	2020	1	31	356	71200
1	2020	2	29	316	63200
1	2020	3	31	318	63600
1	2020	4	30	404	80800
1	2020	5	31	318	63600
1	2020	6	30	721	144200
1	2020	7	31	842	168400
1	2020	8	31	116	23200
1	2020	9	30	671	134200
1	2020	10	31	743	148600
2	2020	1	31	537	107400
2	2020	2	29	831	166200
2	2020	3	31	157	31400
2	2020	4	30	502	100400
2	2020	5	31	425	85000
2	2020	6	30	742	148400
2	2020	7	31	857	171400
2	2020	8	31	80	16000
2	2020	9	30	591	118200
2	2020	10	31	852	170400
3	2020	1	31	347	207412
3	2020	2	29	731	436939
3	2020	3	31	831	496712
3	2020	4	30	631	377166
3	2020	5	31	589	352062
3	2020	6	30	738	441123
3	2020	7	31	642	383741
3	2020	8	31	620	370591
3	2020	9	30	470	280932
3	2020	10	31	631	377166
4	2020	1	31	316	37920
4	2020	2	29	364	43680
4	2020	3	31	731	87720
4	2020	4	30	711	85320
4	2020	5	31	415	49800
4	2020	6	30	839	100680
4	2020	7	31	742	89040
4	2020	8	31	1100	132000
4	2020	9	30	731	87720
4	2020	10	31	731	87720
5	2020	1	31	842	503287
5	2020	2	29	841	502689
5	2020	3	31	731	436939
5	2020	4	30	631	377166
5	2020	5	31	859	513448
5	2020	6	30	263	157202
5	2020	7	31	841	502689
5	2020	8	31	1350	806933
5	2020	9	30	270	161387
5	2020	10	31	973	581589
6	2020	1	31	784	156800
6	2020	2	29	814	162800
6	2020	3	31	314	62800
6	2020	4	30	381	76200
6	2020	5	31	429	85800
6	2020	6	30	467	93400
6	2020	7	31	491	98200
6	2020	8	31	1780	356000
6	2020	9	30	880	176000
6	2020	10	31	647	129400
7	2020	1	31	637	127400
7	2020	2	29	641	128200
7	2020	3	31	874	174800
7	2020	4	30	631	126200
7	2020	5	31	352	70400
7	2020	6	30	832	166400
7	2020	7	31	831	166200
7	2020	8	31	1900	380000
7	2020	9	30	415	83000
7	2020	10	31	731	146200
8	2020	1	31	718	143600
8	2020	2	29	631	126200
8	2020	3	31	731	146200
8	2020	4	30	531	106200
8	2020	5	31	632	126400
8	2020	6	30	817	163400
8	2020	7	31	648	129600
8	2020	8	31	1456	291200
8	2020	9	30	572	114400
8	2020	10	31	418	83600
9	2020	1	31	312	186491
9	2020	2	29	718	429169
9	2020	3	31	739	441721
9	2020	4	30	741	442916
9	2020	5	31	643	384339
9	2020	6	30	718	429169
9	2020	7	31	619	369994
9	2020	8	31	1612	963538
9	2020	9	30	712	425582
9	2020	10	31	841	502689
10	2020	1	31	214	42800
10	2020	2	29	931	186200
10	2020	3	31	626	125200
10	2020	4	30	853	170600
10	2020	5	31	732	146400
10	2020	6	30	119	23800
10	2020	7	31	916	183200
10	2020	8	31	990	198000
10	2020	9	30	748	149600
10	2020	10	31	849	169800
11	2020	1	31	728	713440
11	2020	2	29	451	441980
11	2020	3	31	749	734020
11	2020	4	30	648	635040
11	2020	5	31	842	825160
11	2020	6	30	624	611520
11	2020	7	31	67	65660
11	2020	8	31	666	652680
11	2020	9	30	473	463540
11	2020	10	31	741	726180
12	2020	1	31	214	96300
12	2020	2	29	58	26100
12	2020	3	31	846	380700
12	2020	4	30	739	332550
12	2020	5	31	842	378900
12	2020	6	30	652	293400
12	2020	7	31	52	23400
12	2020	8	31	461	207450
12	2020	9	30	744	334800
12	2020	10	31	648	291600
13	2020	1	31	452	54240
13	2020	2	29	731	87720
13	2020	3	31	631	75720
13	2020	4	30	731	87720
13	2020	5	31	542	65040
13	2020	6	30	752	90240
13	2020	7	31	95	11400
13	2020	8	31	821	98520
13	2020	9	30	628	75360
13	2020	10	31	841	100920
14	2020	1	31	523	104600
14	2020	2	29	931	186200
14	2020	3	31	748	149600
14	2020	4	30	316	63200
14	2020	5	31	567	113400
14	2020	6	30	742	148400
14	2020	7	31	207	41400
14	2020	8	31	1000	200000
14	2020	9	30	361	72200
14	2020	10	31	741	148200
15	2020	1	31	739	147800
15	2020	2	29	631	126200
15	2020	3	31	839	167800
15	2020	4	30	741	148200
15	2020	5	31	637	127400
15	2020	6	30	843	168600
15	2020	7	31	107	21400
15	2020	8	31	1953	390600
15	2020	9	30	729	145800
15	2020	10	31	864	172800
16	2020	1	31	812	162400
16	2020	2	29	318	63600
16	2020	3	31	731	146200
16	2020	4	30	462	92400
16	2020	5	31	532	106400
16	2020	6	30	858	171600
16	2020	7	31	73	14600
16	2020	8	31	821	164200
16	2020	9	30	731	146200
16	2020	10	31	648	129600
17	2020	1	31	531	317394
17	2020	2	29	731	436939
17	2020	3	31	871	520621
17	2020	4	30	742	443514
17	2020	5	31	831	496712
17	2020	6	30	748	447101
17	2020	7	31	74	44231.9
17	2020	8	31	3156	1.88643e+06
17	2020	9	30	941	562462
17	2020	10	31	841	502689
18	2020	1	31	317	63400
18	2020	2	29	831	166200
18	2020	3	31	731	146200
18	2020	4	30	473	94600
18	2020	5	31	486	97200
18	2020	6	30	732	146400
18	2020	7	31	84	16800
18	2020	8	31	721	144200
18	2020	9	30	878	175600
18	2020	10	31	896	179200
19	2020	1	31	314	62800
19	2020	2	29	631	126200
19	2020	3	31	749	149800
19	2020	4	30	749	149800
19	2020	5	31	368	73600
19	2020	6	30	842	168400
19	2020	7	31	57	11400
19	2020	8	31	210	42000
19	2020	9	30	631	126200
19	2020	10	31	741	148200
20	2020	1	31	415	83000
20	2020	2	29	531	106200
20	2020	3	31	749	149800
20	2020	4	30	849	169800
20	2020	5	31	831	166200
20	2020	6	30	732	146400
20	2020	7	31	82	16400
20	2020	8	31	641	128200
20	2020	9	30	749	149800
21	2020	1	31	516	103200
21	2020	2	29	521	104200
21	2020	3	31	849	169800
21	2020	4	30	583	116600
21	2020	5	31	931	186200
21	2020	6	30	734	146800
21	2020	7	31	35	7000
21	2020	8	31	718	143600
21	2020	9	30	426	85200
21	2020	10	31	380	76000
22	2020	1	31	718	143600
22	2020	2	29	481	96200
22	2020	3	31	873	174600
22	2020	4	30	849	169800
22	2020	5	31	637	127400
22	2020	6	30	583	116600
22	2020	7	31	89	17800
22	2020	8	31	731	146200
22	2020	9	30	642	128400
22	2020	10	31	390	78000
23	2020	1	31	841	168200
23	2020	2	29	731	146200
23	2020	3	31	563	112600
23	2020	4	30	832	166400
23	2020	5	31	555	111000
23	2020	6	30	842	168400
23	2020	7	31	91	18200
23	2020	8	31	721	144200
23	2020	9	30	842	168400
23	2020	10	31	475	95000
24	2020	1	31	839	100680
24	2020	2	29	631	75720
24	2020	3	31	646	77520
24	2020	4	30	327	39240
24	2020	5	31	731	87720
24	2020	6	30	742	89040
24	2020	7	31	70	8400
24	2020	8	31	548	65760
24	2020	9	30	995	119400
24	2020	10	31	831	99720
25	2020	1	31	361	43320
25	2020	2	29	741	88920
25	2020	3	31	749	89880
25	2020	4	30	638	76560
25	2020	5	31	321	38520
25	2020	6	30	438	52560
25	2020	7	31	81	9720
25	2020	8	31	849	101880
25	2020	9	30	843	101160
25	2020	10	31	841	100920
26	2020	1	31	653	130600
26	2020	2	29	615	123000
26	2020	3	31	439	87800
26	2020	4	30	742	148400
26	2020	5	31	316	63200
26	2020	6	30	743	148600
26	2020	7	31	64	12800
26	2020	8	31	812	162400
26	2020	9	30	884	176800
26	2020	10	31	741	148200
27	2020	1	31	314	187687
27	2020	2	29	739	441721
27	2020	3	31	531	317394
27	2020	4	30	842	503287
27	2020	5	31	382	228332
27	2020	6	30	852	509264
27	2020	7	31	38	22713.7
27	2020	8	31	648	387328
27	2020	9	30	531	317394
27	2020	10	31	305	182307
28	2020	1	31	562	112400
28	2020	2	29	631	126200
28	2020	3	31	637	127400
28	2020	4	30	642	128400
28	2020	5	31	742	148400
28	2020	6	30	842	168400
28	2020	7	31	36	7200
28	2020	8	31	749	149800
28	2020	9	30	642	128400
28	2020	10	31	80	16000
29	2020	1	31	551	110200
29	2020	2	29	636	127200
29	2020	3	31	748	149600
29	2020	4	30	849	169800
29	2020	5	31	783	156600
29	2020	6	30	854	170800
29	2020	7	31	71	14200
29	2020	8	31	821	164200
29	2020	9	30	752	150400
29	2020	10	31	841	168200
30	2020	1	31	591	353257
30	2020	2	29	631	377166
30	2020	3	31	731	436939
30	2020	4	30	942	563060
30	2020	5	31	632	377764
30	2020	6	30	549	328153
30	2020	7	31	81	48416
30	2020	8	31	345	206216
30	2020	9	30	742	443514
30	2020	10	31	530	316796
